1.0       0.09608   0.26387   0.24794   0.10308   0.1451    0.15438   0.14909   0.03829   0.01742   0.06255   0.08128   0.10433   0.01511   0.05075   0.04272   0.0343    0.07447   0.03751   0.15362   0.06538   0.03804   0.0251    0.07196   0.01992   0.06621   0.23101   0.09055   0.04203   0.21401   0.08944   0.11555   0.04748   0.05322   0.04244   0.02425   0.16358   0.15558   0.10526   0.16507   0.12677   0.02912   0.12686   0.11257   0.10621   0.06082   0.02615   0.09988   0.07773   0.01847   0.19043   0.03658   0.01904   0.03109   0.02707   0.00494   0.05452   0.10742   0.04562   0.09081   0.03609   0.02064   0.03738   0.02107   0.06644   0.02882   0.17324   0.02437   0.04723   0.07614   0.07507   0.08726   0.06724   0.14621   0.0817    0.03081   0.05631   0.05349   0.1039    0.0633    0.10686   0.03273   0.09589   0.03962   0.09275   0.05998   0.06609   0.04497   0.12196   0.05772   0.08179   0.07545   0.06761   0.0641    0.0357    0.09382   0.06143   0.07642   0.04003   
0.09608   1.0       0.09701   0.08359   0.05207   0.09851   0.12694   0.08697   0.03563   0.0116    0.10805   0.05326   0.05679   0.00886   0.03231   0.02951   0.02724   0.04314   0.02765   0.04909   0.0365    0.04063   0.03667   0.0239    0.01094   0.05038   0.0996    0.0466    0.05263   0.0456    0.01869   0.04696   0.03432   0.02196   0.02525   0.01685   0.0696    0.059     0.04171   0.074     0.05605   0.03354   0.05216   0.04791   0.05284   0.0203    0.02407   0.03796   0.04863   0.02531   0.07012   0.0254    0.01912   0.03726   0.01869   0.00323   0.01977   0.0263    0.03783   0.02921   0.02941   0.02754   0.0287    0.0162    0.06301   0.02073   0.08049   0.02607   0.02889   0.04434   0.05568   0.04413   0.05066   0.0587    0.04798   0.0298    0.02987   0.1118    0.04833   0.05111   0.05376   0.02178   0.04882   0.04542   0.05318   0.03174   0.04296   0.02569   0.0604    0.02881   0.05189   0.06996   0.04478   0.03954   0.03208   0.05308   0.0658    0.03487   0.03363   
0.26387   0.09701   1.0       0.48789   0.0879    0.13305   0.14803   0.14764   0.03977   0.01141   0.06054   0.0914    0.1151    0.03246   0.07724   0.0394    0.03135   0.1111    0.03476   0.15924   0.07054   0.04047   0.02184   0.11407   0.0263    0.06378   0.23611   0.09987   0.03382   0.09073   0.08653   0.11159   0.04375   0.05574   0.03975   0.02663   0.15641   0.151     0.09943   0.16014   0.12235   0.02418   0.12292   0.10806   0.10948   0.06065   0.0277    0.09502   0.08325   0.02103   0.1837    0.03243   0.01806   0.03239   0.0254    0.00443   0.02236   0.08371   0.04589   0.09098   0.03522   0.0206    0.03626   0.01835   0.07164   0.02858   0.16676   0.0214    0.06127   0.0748    0.0768    0.08699   0.07049   0.12205   0.08736   0.03009   0.05579   0.0561    0.09919   0.0577    0.10256   0.03148   0.09285   0.04336   0.08548   0.06155   0.06256   0.04377   0.11369   0.05056   0.09148   0.06949   0.08005   0.06614   0.03538   0.09666   0.06521   0.07132   0.04143   
0.24794   0.08359   0.48789   1.0       0.08457   0.12604   0.15506   0.13676   0.04541   0.01344   0.06149   0.08946   0.10505   0.0289    0.07125   0.03978   0.03135   0.09911   0.03496   0.15026   0.07976   0.03949   0.02048   0.15905   0.02848   0.09746   0.24839   0.09517   0.03763   0.10704   0.08817   0.10964   0.04403   0.05431   0.04056   0.02005   0.15375   0.15156   0.09607   0.16029   0.11689   0.02266   0.1195    0.1016    0.10279   0.05712   0.02563   0.09032   0.07271   0.01955   0.18225   0.03105   0.01895   0.03433   0.02587   0.00414   0.0207    0.07365   0.04705   0.0855    0.03538   0.0189    0.03486   0.01812   0.06244   0.02674   0.16653   0.02164   0.05988   0.07554   0.06698   0.0822    0.06251   0.11564   0.07503   0.02799   0.05345   0.05106   0.10044   0.05807   0.10244   0.02938   0.09116   0.03722   0.08742   0.05931   0.06329   0.04388   0.12045   0.04968   0.07638   0.06591   0.07533   0.06568   0.03622   0.09137   0.05659   0.07061   0.04081   
0.10308   0.05207   0.0879    0.08457   1.0       0.08204   0.08096   0.0734    0.02107   0.00565   0.03223   0.0652    0.05705   0.00577   0.03309   0.01651   0.01501   0.03372   0.02525   0.05356   0.02351   0.03861   0.0383    0.01585   0.01108   0.04605   0.09912   0.07194   0.05906   0.03066   0.03543   0.05174   0.02964   0.03066   0.01912   0.01425   0.07513   0.06216   0.04892   0.06793   0.052     0.03651   0.06623   0.0512    0.06211   0.03332   0.03332   0.05958   0.06047   0.01958   0.077     0.02216   0.01992   0.02784   0.01363   0.00236   0.01276   0.03759   0.02075   0.04721   0.01633   0.01282   0.03142   0.01969   0.03248   0.01298   0.07849   0.02409   0.02407   0.04224   0.03605   0.04214   0.03958   0.06333   0.04294   0.02324   0.03016   0.03183   0.05912   0.05086   0.05742   0.03098   0.04402   0.03642   0.0421    0.03131   0.03667   0.02633   0.05089   0.03777   0.0546    0.03899   0.04214   0.04311   0.03413   0.0574    0.03203   0.0424    0.02841   
0.1451    0.09851   0.13305   0.12604   0.08204   1.0       0.20618   0.11846   0.02907   0.02343   0.2049    0.08666   0.08436   0.0055    0.03633   0.03118   0.02506   0.05227   0.0345    0.09255   0.04933   0.04366   0.03675   0.03205   0.05489   0.11752   0.14409   0.06941   0.0315    0.05895   0.06686   0.0733    0.05016   0.03987   0.02545   0.02516   0.11001   0.08425   0.06527   0.09493   0.07369   0.0264    0.08457   0.06453   0.07272   0.04598   0.02906   0.05735   0.05698   0.02373   0.10466   0.02212   0.01982   0.03207   0.02148   0.00808   0.01842   0.05535   0.03689   0.05291   0.03004   0.02051   0.03821   0.01698   0.045     0.01645   0.09398   0.02444   0.03339   0.05018   0.05025   0.06316   0.05018   0.07062   0.05376   0.03094   0.03705   0.05478   0.06583   0.04645   0.06569   0.0261    0.08227   0.03167   0.05684   0.04901   0.04558   0.0535    0.06991   0.04076   0.06373   0.05665   0.08666   0.05972   0.03097   0.066     0.04817   0.0536    0.0384    
0.15438   0.12694   0.14803   0.15506   0.08096   0.20618   1.0       0.12478   0.03861   0.00907   0.25169   0.0806    0.08525   0.00627   0.04107   0.0323    0.02082   0.04433   0.03406   0.09247   0.04998   0.04965   0.02882   0.02965   0.03579   0.10279   0.13924   0.06638   0.03103   0.05867   0.06864   0.08274   0.04457   0.04753   0.02757   0.0157    0.12449   0.10799   0.0903    0.11959   0.09812   0.03372   0.09771   0.07837   0.08737   0.04656   0.03056   0.069     0.06345   0.01973   0.1324    0.02665   0.0222    0.03833   0.0233    0.01345   0.0153    0.06733   0.04206   0.06464   0.02548   0.01579   0.03601   0.01852   0.04843   0.01958   0.12049   0.02546   0.04253   0.0636    0.05206   0.06849   0.04969   0.0919    0.06036   0.02386   0.04341   0.08423   0.08163   0.05002   0.08364   0.03165   0.08549   0.02697   0.07016   0.05614   0.05281   0.05285   0.09067   0.0457    0.06777   0.0625    0.084     0.05907   0.03488   0.07965   0.04537   0.05701   0.03074   
0.14909   0.08697   0.14764   0.13676   0.0734    0.11846   0.12478   1.0       0.05343   0.04638   0.06988   0.07415   0.08681   0.02143   0.04303   0.03701   0.02066   0.04826   0.03285   0.09221   0.04667   0.0445    0.02846   0.03816   0.02877   0.05829   0.14379   0.06261   0.02614   0.06682   0.06541   0.07533   0.04725   0.06373   0.02655   0.01631   0.11571   0.09588   0.07284   0.1007    0.0788    0.02581   0.07887   0.07703   0.08292   0.04283   0.02726   0.06925   0.067     0.02529   0.11876   0.0205    0.01825   0.02958   0.01925   0.0031    0.01861   0.05271   0.03073   0.0651    0.02645   0.02071   0.0256    0.02318   0.05282   0.01809   0.11377   0.02188   0.03594   0.05572   0.05063   0.05593   0.0529    0.07881   0.06286   0.02427   0.03829   0.05116   0.06881   0.04024   0.06892   0.02408   0.05774   0.03175   0.05724   0.04102   0.04553   0.0436    0.08298   0.04514   0.06022   0.06581   0.05496   0.055     0.03511   0.07436   0.04305   0.05263   0.02875   
0.03829   0.03563   0.03977   0.04541   0.02107   0.02907   0.03861   0.05343   1.0       0.00383   0.02218   0.03634   0.04006   0.00278   0.02682   0.02435   0.03102   0.03156   0.0237    0.03889   0.03297   0.0311    0.01559   0.02444   0.0087    0.03929   0.03586   0.05103   0.01875   0.06      0.02681   0.02512   0.0335    0.03044   0.02903   0.01889   0.04162   0.03467   0.02401   0.06109   0.02536   0.01782   0.02699   0.02278   0.04898   0.01833   0.03018   0.02865   0.02946   0.01589   0.03923   0.01905   0.02358   0.03556   0.01873   0.00165   0.01614   0.02468   0.02967   0.03279   0.03269   0.01806   0.0258    0.01667   0.02157   0.01973   0.06758   0.01786   0.02007   0.06966   0.02433   0.02843   0.02312   0.02983   0.02175   0.01607   0.02317   0.02266   0.02483   0.02278   0.02805   0.01726   0.02046   0.02878   0.04245   0.02493   0.01909   0.02523   0.02721   0.0208    0.02134   0.02416   0.01984   0.02258   0.02303   0.04851   0.02062   0.01867   0.02383   
0.01742   0.0116    0.01141   0.01344   0.00565   0.02343   0.00907   0.04638   0.00383   1.0       0.01124   0.03241   0.01661   0.00813   0.01249   0.00872   0.00447   0.02271   0.00728   0.03865   0.03774   0.01145   0.00586   0.00712   0.01224   0.0361    0.01481   0.01685   0.0146    0.02959   0.00434   0.00475   0.01965   0.02662   0.00569   0.00286   0.01915   0.0037    0.0123    0.00382   0.00412   0.00546   0.00762   0.00275   0.00296   0.00411   0.01577   0.00506   0.00301   0.00333   0.00433   0.0026    0.00235   0.00765   0.00356   0.00224   0.0033    0.00361   0.00536   0.00409   0.00463   0.00302   0.00784   0.00321   0.00333   0.00212   0.00942   0.00505   0.00217   0.01359   0.00343   0.0024    0.00489   0.00356   0.00332   0.00306   0.00276   0.00297   0.00976   0.00337   0.0048    0.0026    0.00286   0.00287   0.01299   0.01467   0.00497   0.00639   0.00886   0.00606   0.00473   0.00445   0.00476   0.00308   0.00701   0.00296   0.00263   0.00435   0.00487   
0.06255   0.10805   0.06054   0.06149   0.03223   0.2049    0.25169   0.06988   0.02218   0.01124   1.0       0.07852   0.06667   0.0149    0.04046   0.02077   0.02369   0.04394   0.02517   0.06668   0.04161   0.0407    0.02663   0.02774   0.06215   0.148     0.06155   0.05558   0.02599   0.03751   0.04989   0.02998   0.03698   0.02894   0.02376   0.01493   0.05045   0.03552   0.04769   0.03917   0.03142   0.02616   0.03894   0.0312    0.04173   0.03493   0.02513   0.03286   0.0241    0.02384   0.04898   0.01699   0.01583   0.0318    0.01651   0.00429   0.01463   0.03851   0.04214   0.03092   0.02622   0.01912   0.02786   0.01504   0.02266   0.01359   0.0361    0.02072   0.04546   0.04478   0.02087   0.04365   0.02637   0.03794   0.03047   0.02347   0.03565   0.08079   0.04193   0.01889   0.0414    0.02134   0.06391   0.0189    0.03889   0.04068   0.01898   0.04567   0.04832   0.0352    0.04493   0.02667   0.07921   0.04831   0.02566   0.04816   0.0186    0.03417   0.0285    
0.08128   0.05326   0.0914    0.08946   0.0652    0.08666   0.0806    0.07415   0.03634   0.03241   0.07852   1.0       0.34389   0.09007   0.07138   0.02918   0.02713   0.0699    0.0241    0.09552   0.06144   0.05426   0.02533   0.03733   0.02319   0.08043   0.0907    0.08702   0.05409   0.06625   0.03795   0.03824   0.04877   0.03107   0.02425   0.01756   0.06829   0.0421    0.03947   0.04153   0.03622   0.02571   0.05643   0.03795   0.03892   0.03446   0.02535   0.04604   0.04723   0.0217    0.05006   0.02575   0.01886   0.02806   0.01469   0.01637   0.01745   0.04888   0.02765   0.04591   0.02711   0.0229    0.04446   0.01803   0.02562   0.01436   0.04786   0.02344   0.04077   0.0596    0.02194   0.03614   0.02435   0.05291   0.04522   0.03134   0.04379   0.03405   0.04924   0.02897   0.04612   0.02541   0.04021   0.03055   0.04514   0.05718   0.0315    0.04306   0.05635   0.0396    0.04791   0.03472   0.04736   0.04419   0.04319   0.04569   0.02529   0.0368    0.02639   
0.10433   0.05679   0.1151    0.10505   0.05705   0.08436   0.08525   0.08681   0.04006   0.01661   0.06667   0.34389   1.0       0.13908   0.08399   0.03303   0.02291   0.08201   0.02891   0.10856   0.05781   0.04754   0.02368   0.03894   0.01646   0.05201   0.11391   0.07836   0.04454   0.06689   0.0575    0.05034   0.04334   0.03951   0.02586   0.01667   0.08184   0.06707   0.04771   0.06781   0.05639   0.02131   0.06197   0.04909   0.05146   0.05175   0.02841   0.06487   0.05006   0.01744   0.08012   0.02385   0.01836   0.02669   0.0161    0.00606   0.01796   0.06081   0.03285   0.07319   0.02618   0.01459   0.03576   0.01887   0.03012   0.0188    0.07519   0.01853   0.04114   0.05282   0.02511   0.03591   0.02615   0.04932   0.04315   0.02516   0.03904   0.02825   0.04862   0.02824   0.04527   0.02558   0.04183   0.034     0.03936   0.0521    0.02685   0.03511   0.05311   0.03867   0.03888   0.03438   0.04195   0.03546   0.04396   0.04313   0.02109   0.03826   0.02875   
0.01511   0.00886   0.03246   0.0289    0.00577   0.0055    0.00627   0.02143   0.00278   0.00813   0.0149    0.09007   0.13908   1.0       0.0593    0.00858   0.00195   0.05559   0.00716   0.01477   0.01402   0.00995   0.00221   0.02238   0.00221   0.00851   0.02093   0.04182   0.00387   0.02216   0.00293   0.0022    0.00328   0.00135   0.00356   0.00179   0.0036    0.00249   0.00314   0.00257   0.00319   0.01781   0.00231   0.00823   0.00219   0.0025    0.00181   0.00282   0.00404   0.00399   0.00292   0.00175   0.00146   0.00398   0.00222   0.00221   0.0024    0.00267   0.00342   0.00275   0.00237   0.00188   0.00237   0.00134   0.0017    0.00209   0.00318   0.00594   0.00146   0.00735   0.00254   0.0017    0.00579   0.00253   0.0026    0.00599   0.00196   0.0023    0.00739   0.00267   0.00663   0.00185   0.00203   0.00466   0.00165   0.00302   0.0058    0.00144   0.00361   0.00121   0.00654   0.00769   0.00199   0.01373   0.00675   0.00219   0.00426   0.00419   0.00367   
0.05075   0.03231   0.07724   0.07125   0.03309   0.03633   0.04107   0.04303   0.02682   0.01249   0.04046   0.07138   0.08399   0.0593    1.0       0.02723   0.01956   0.09511   0.02274   0.05832   0.06191   0.04157   0.02352   0.05429   0.00869   0.04083   0.06558   0.08086   0.02392   0.05763   0.02373   0.01471   0.02867   0.018     0.04045   0.01346   0.02951   0.01691   0.02432   0.02294   0.01727   0.01905   0.02415   0.01489   0.02835   0.0236    0.02057   0.01761   0.02022   0.01817   0.03089   0.01133   0.01858   0.02146   0.02617   0.00221   0.01557   0.02316   0.01889   0.02828   0.02316   0.0152    0.02346   0.01888   0.01549   0.0225    0.02263   0.02829   0.01933   0.02538   0.02136   0.01473   0.02287   0.01935   0.02003   0.02178   0.01686   0.01613   0.02522   0.01813   0.01824   0.01265   0.01899   0.01596   0.02793   0.02812   0.01984   0.01354   0.01785   0.02106   0.02324   0.02191   0.01968   0.0278    0.0231    0.02833   0.01465   0.02223   0.04172   
0.04272   0.02951   0.0394    0.03978   0.01651   0.03118   0.0323    0.03701   0.02435   0.00872   0.02077   0.02918   0.03303   0.00858   0.02723   1.0       0.01982   0.06216   0.20813   0.04377   0.0595    0.02624   0.01712   0.20337   0.00237   0.03433   0.03822   0.03618   0.01965   0.0482    0.03236   0.02219   0.0297    0.01832   0.04717   0.02424   0.02983   0.02966   0.01959   0.03063   0.02376   0.0121    0.02329   0.02047   0.01929   0.02077   0.02068   0.02847   0.01871   0.01414   0.03476   0.02048   0.01944   0.01955   0.02951   0.00237   0.02144   0.02356   0.025     0.03111   0.02714   0.02556   0.02353   0.01487   0.01989   0.20636   0.03207   0.02022   0.02038   0.02783   0.02234   0.01689   0.02084   0.02504   0.0191    0.01551   0.02017   0.01679   0.02854   0.02258   0.02299   0.01831   0.0208    0.02064   0.01921   0.02206   0.01941   0.0155    0.02636   0.01067   0.01813   0.02618   0.01453   0.01359   0.02545   0.01892   0.0185    0.01466   0.02928   
0.0343    0.02724   0.03135   0.03135   0.01501   0.02506   0.02082   0.02066   0.03102   0.00447   0.02369   0.02713   0.02291   0.00195   0.01956   0.01982   1.0       0.03013   0.0217    0.02769   0.02117   0.01918   0.02069   0.02696   0.00562   0.02505   0.03205   0.02412   0.07855   0.04059   0.02553   0.02008   0.03166   0.02043   0.02332   0.01565   0.03099   0.02003   0.02533   0.04358   0.01855   0.01012   0.02149   0.01855   0.0223    0.01703   0.01624   0.01737   0.01978   0.02112   0.01935   0.01214   0.02041   0.01913   0.01722   0.00103   0.01664   0.01439   0.01986   0.02022   0.02584   0.01894   0.02163   0.02579   0.02013   0.01604   0.02386   0.01688   0.02039   0.02497   0.02032   0.01405   0.01756   0.02326   0.01674   0.02752   0.01261   0.01628   0.01791   0.01795   0.02069   0.02165   0.03102   0.01381   0.04014   0.01983   0.01465   0.0106    0.0144    0.01822   0.02145   0.01836   0.0232    0.01936   0.0172    0.02206   0.01888   0.0186    0.02248   
0.07447   0.04314   0.1111    0.09911   0.03372   0.05227   0.04433   0.04826   0.03156   0.02271   0.04394   0.0699    0.08201   0.05559   0.09511   0.06216   0.03013   1.0       0.03688   0.13178   0.15254   0.06489   0.03276   0.06248   0.01062   0.08347   0.08512   0.15734   0.04781   0.07126   0.0261    0.02721   0.04965   0.01586   0.04273   0.0343    0.04798   0.02834   0.01956   0.02532   0.02205   0.01218   0.04      0.01886   0.01972   0.02343   0.02395   0.02522   0.04638   0.0242    0.03143   0.0181    0.02557   0.02725   0.02401   0.00247   0.03198   0.02462   0.02689   0.02644   0.03376   0.03161   0.04109   0.02215   0.01978   0.02883   0.03044   0.01713   0.01905   0.02498   0.01856   0.0151    0.0216    0.0213    0.01712   0.01611   0.01993   0.01787   0.02881   0.02017   0.03166   0.01692   0.01853   0.02105   0.0192    0.02326   0.01864   0.01823   0.02908   0.0129    0.02604   0.02711   0.01645   0.02046   0.02622   0.01963   0.01793   0.02011   0.03186   
0.03751   0.02765   0.03476   0.03496   0.02525   0.0345    0.03406   0.03285   0.0237    0.00728   0.02517   0.0241    0.02891   0.00716   0.02274   0.20813   0.0217    0.03688   1.0       0.03965   0.03447   0.06662   0.01687   0.16979   0.00198   0.03864   0.03107   0.03679   0.02012   0.04025   0.02702   0.02114   0.03195   0.0153    0.04862   0.02024   0.0317    0.02916   0.0206    0.02476   0.01924   0.0114    0.01883   0.01658   0.02411   0.02723   0.01669   0.02303   0.01125   0.01143   0.0281    0.01655   0.01623   0.02156   0.02464   0.00198   0.0179    0.02089   0.02023   0.02597   0.02191   0.02134   0.01902   0.01242   0.01607   0.17229   0.02594   0.01637   0.01517   0.0281    0.02185   0.01365   0.01689   0.04215   0.01549   0.02424   0.01632   0.01359   0.02378   0.01848   0.01864   0.01627   0.01629   0.01669   0.01552   0.01786   0.02003   0.0139    0.02504   0.01207   0.01995   0.02141   0.01569   0.01101   0.02712   0.02381   0.01819   0.02358   0.03079   
0.15362   0.04909   0.15924   0.15026   0.05356   0.09255   0.09247   0.09221   0.03889   0.03865   0.06668   0.09552   0.10856   0.01477   0.05832   0.04377   0.02769   0.13178   0.03965   1.0       0.39578   0.09992   0.0234    0.04148   0.01545   0.08036   0.13331   0.07765   0.03564   0.09406   0.11839   0.06972   0.05549   0.07766   0.05618   0.02265   0.11639   0.10124   0.06143   0.09717   0.07403   0.01752   0.08261   0.062     0.06352   0.06574   0.02505   0.08654   0.04394   0.01929   0.10752   0.02636   0.01919   0.02456   0.02729   0.00314   0.02044   0.08069   0.03541   0.12426   0.03083   0.02093   0.04192   0.01688   0.02793   0.03128   0.10241   0.02578   0.04646   0.07183   0.03794   0.04249   0.03911   0.0753    0.04617   0.0197    0.05186   0.02296   0.06006   0.02787   0.05743   0.02562   0.05125   0.0268    0.05883   0.06463   0.02508   0.04786   0.06899   0.02994   0.05097   0.02583   0.03934   0.03808   0.02978   0.0529    0.02416   0.05644   0.03051   
0.06538   0.0365    0.07054   0.07976   0.02351   0.04933   0.04998   0.04667   0.03297   0.03774   0.04161   0.06144   0.05781   0.01402   0.06191   0.0595    0.02117   0.15254   0.03447   0.39578   1.0       0.10645   0.02996   0.03941   0.01472   0.07978   0.06348   0.05958   0.03614   0.09027   0.02647   0.02122   0.05249   0.02401   0.05075   0.03185   0.05213   0.0337    0.01826   0.03693   0.0234    0.01164   0.02972   0.01712   0.01854   0.02316   0.01802   0.0252    0.01202   0.02183   0.03061   0.01725   0.02659   0.02051   0.02514   0.0025    0.02805   0.02199   0.02361   0.02629   0.02427   0.03075   0.0293    0.0203    0.01612   0.02921   0.03043   0.01822   0.01571   0.03841   0.02643   0.0154    0.02854   0.03828   0.01814   0.0133    0.02092   0.01551   0.02759   0.01626   0.02001   0.01536   0.01863   0.01599   0.02913   0.02359   0.01689   0.0166    0.02554   0.01282   0.02241   0.02427   0.01454   0.01642   0.02033   0.0185    0.01545   0.02678   0.02651   
0.03804   0.04063   0.04047   0.03949   0.03861   0.04366   0.04965   0.0445    0.0311    0.01145   0.0407    0.05426   0.04754   0.00995   0.04157   0.02624   0.01918   0.06489   0.06662   0.09992   0.10645   1.0       0.02652   0.02395   0.00645   0.0536    0.03452   0.05852   0.02696   0.03843   0.01574   0.01294   0.03897   0.01594   0.038     0.02417   0.03795   0.02153   0.02234   0.01605   0.01481   0.02663   0.02426   0.01843   0.02696   0.02395   0.02648   0.0278    0.02137   0.01827   0.02672   0.01454   0.02141   0.02006   0.01922   0.00144   0.02054   0.02191   0.02473   0.02294   0.02578   0.01948   0.02467   0.01849   0.01881   0.01721   0.02275   0.01715   0.01528   0.03811   0.02113   0.01541   0.02978   0.02871   0.01866   0.01966   0.01603   0.01994   0.03153   0.01632   0.01945   0.01654   0.01582   0.01552   0.01267   0.01658   0.01628   0.01629   0.01949   0.02012   0.02329   0.02917   0.01978   0.02165   0.03824   0.02671   0.01175   0.02696   0.02448   
0.0251    0.03667   0.02184   0.02048   0.0383    0.03675   0.02882   0.02846   0.01559   0.00586   0.02663   0.02533   0.02368   0.00221   0.02352   0.01712   0.02069   0.03276   0.01687   0.0234    0.02996   0.02652   1.0       0.01429   0.01046   0.02733   0.02262   0.02017   0.05467   0.02649   0.02751   0.02344   0.02681   0.02439   0.02955   0.0231    0.02673   0.01751   0.01674   0.02445   0.02165   0.02316   0.02654   0.01975   0.02863   0.02299   0.01796   0.02055   0.02438   0.02375   0.01648   0.02273   0.0262    0.0331    0.01573   0.00916   0.01547   0.02584   0.025     0.02345   0.02129   0.02765   0.02665   0.01847   0.01687   0.01389   0.02612   0.02524   0.01718   0.02049   0.0174    0.02086   0.0182    0.01292   0.02117   0.0264    0.02128   0.0226    0.01551   0.01783   0.02921   0.01564   0.01895   0.01796   0.01774   0.02114   0.03038   0.01565   0.01799   0.02061   0.01913   0.02225   0.01932   0.02534   0.01942   0.02916   0.02448   0.02405   0.01946   
0.07196   0.0239    0.11407   0.15905   0.01585   0.03205   0.02965   0.03816   0.02444   0.00712   0.02774   0.03733   0.03894   0.02238   0.05429   0.20337   0.02696   0.06248   0.16979   0.04148   0.03941   0.02395   0.01429   1.0       0.00901   0.05458   0.09827   0.05862   0.0236    0.06596   0.03327   0.01949   0.02904   0.01711   0.03943   0.02026   0.02891   0.02502   0.01616   0.02639   0.0192    0.01133   0.03491   0.02178   0.01625   0.01715   0.0167    0.024     0.01546   0.01295   0.03307   0.01729   0.01703   0.02098   0.02467   0.00193   0.02112   0.01904   0.02493   0.02596   0.02242   0.02135   0.03559   0.01299   0.01643   0.16835   0.02535   0.01704   0.01701   0.02321   0.01805   0.01765   0.01685   0.01978   0.01668   0.01372   0.017     0.01472   0.0206    0.01466   0.01935   0.01479   0.01628   0.02789   0.01551   0.01783   0.01696   0.01539   0.02312   0.00954   0.01997   0.01798   0.0143    0.01629   0.01817   0.01596   0.01494   0.01257   0.02575   
0.01992   0.01094   0.0263    0.02848   0.01108   0.05489   0.03579   0.02877   0.0087    0.01224   0.06215   0.02319   0.01646   0.00221   0.00869   0.00237   0.00562   0.01062   0.00198   0.01545   0.01472   0.00645   0.01046   0.00901   1.0       0.25648   0.01981   0.01721   0.01785   0.02154   0.01563   0.00757   0.02799   0.00369   0.00448   0.00435   0.02705   0.00417   0.00302   0.01058   0.0109    0.00618   0.00598   0.00456   0.0106    0.0024    0.00217   0.00438   0.00431   0.00684   0.00902   0.00458   0.00271   0.0049    0.0028    0.00213   0.00403   0.00442   0.02332   0.00331   0.00564   0.00459   0.00616   0.0034    0.00461   0.00201   0.00555   0.00444   0.00382   0.00847   0.00288   0.02312   0.00284   0.00442   0.00557   0.00958   0.00458   0.00443   0.01254   0.00256   0.00664   0.00672   0.03932   0.00637   0.00198   0.00813   0.00842   0.01866   0.00496   0.00729   0.0039    0.01076   0.04545   0.01369   0.00295   0.0106    0.00509   0.00258   0.0111    
0.06621   0.05038   0.06378   0.09746   0.04605   0.11752   0.10279   0.05829   0.03929   0.0361    0.148     0.08043   0.05201   0.00851   0.04083   0.03433   0.02505   0.08347   0.03864   0.08036   0.07978   0.0536    0.02733   0.05458   0.25648   1.0       0.07128   0.0714    0.04758   0.08347   0.03437   0.02053   0.04531   0.02115   0.03514   0.02883   0.0437    0.0227    0.01803   0.02931   0.02641   0.02224   0.02625   0.01988   0.02898   0.02068   0.03641   0.02302   0.01734   0.02448   0.03531   0.01561   0.02382   0.02428   0.01973   0.00199   0.02811   0.02886   0.04803   0.02161   0.04611   0.02937   0.02694   0.02267   0.01992   0.02331   0.02612   0.02678   0.01761   0.02558   0.0166    0.03849   0.01739   0.01752   0.0164    0.01807   0.01762   0.02658   0.03454   0.01799   0.02332   0.01534   0.0621    0.01933   0.02345   0.02434   0.01945   0.0415    0.02699   0.02526   0.02568   0.02884   0.06833   0.02335   0.02129   0.02959   0.01438   0.01728   0.03382   
0.23101   0.0996    0.23611   0.24839   0.09912   0.14409   0.13924   0.14379   0.03586   0.01481   0.06155   0.0907    0.11391   0.02093   0.06558   0.03822   0.03205   0.08512   0.03107   0.13331   0.06348   0.03452   0.02262   0.09827   0.01981   0.07128   1.0       0.0858    0.03748   0.08932   0.08241   0.11698   0.04826   0.05188   0.03896   0.0216    0.15321   0.14157   0.08802   0.14918   0.11483   0.02545   0.10853   0.09713   0.09112   0.05713   0.02977   0.09505   0.07672   0.01905   0.16126   0.03067   0.01848   0.03248   0.02486   0.00458   0.02076   0.07286   0.0422    0.08672   0.03433   0.01995   0.03519   0.01705   0.06341   0.02676   0.14964   0.02231   0.04286   0.07674   0.07143   0.07374   0.0657    0.10541   0.07876   0.02649   0.05585   0.05636   0.09073   0.05283   0.09014   0.02867   0.08263   0.0408    0.08222   0.05685   0.05708   0.04107   0.11169   0.05112   0.08114   0.06609   0.06261   0.06041   0.03502   0.07957   0.0619    0.06983   0.03877   
0.09055   0.0466    0.09987   0.09517   0.07194   0.06941   0.06638   0.06261   0.05103   0.01685   0.05558   0.08702   0.07836   0.04182   0.08086   0.03618   0.02412   0.15734   0.03679   0.07765   0.05958   0.05852   0.02017   0.05862   0.01721   0.0714    0.0858    1.0       0.02556   0.08133   0.02962   0.03646   0.05987   0.0174    0.03412   0.01964   0.05945   0.04132   0.03221   0.04041   0.03189   0.02638   0.04692   0.02991   0.04113   0.02384   0.03004   0.03978   0.05079   0.02365   0.05783   0.03497   0.01943   0.03497   0.0225    0.00343   0.01658   0.03723   0.04143   0.0331    0.04136   0.02009   0.05354   0.01614   0.03165   0.02532   0.0414    0.02018   0.02783   0.03822   0.02884   0.02681   0.02967   0.03681   0.02838   0.02884   0.02933   0.02611   0.03844   0.02946   0.04568   0.03299   0.03027   0.03023   0.02921   0.0337    0.02629   0.03492   0.03976   0.02366   0.03918   0.02856   0.02683   0.03678   0.03798   0.04098   0.02965   0.02714   0.03387   
0.04203   0.05263   0.03382   0.03763   0.05906   0.0315    0.03103   0.02614   0.01875   0.0146    0.02599   0.05409   0.04454   0.00387   0.02392   0.01965   0.07855   0.04781   0.02012   0.03564   0.03614   0.02696   0.05467   0.0236    0.01785   0.04758   0.03748   0.02556   1.0       0.03305   0.02046   0.01322   0.03261   0.02345   0.02773   0.01926   0.03238   0.01338   0.01427   0.01726   0.01665   0.01837   0.03351   0.01133   0.02377   0.01522   0.017     0.01903   0.01956   0.02317   0.01857   0.0111    0.02602   0.03518   0.01844   0.00469   0.01964   0.01702   0.01951   0.01479   0.02018   0.0294    0.03386   0.02333   0.01987   0.01459   0.01897   0.02175   0.01515   0.02045   0.0125    0.01174   0.01448   0.01691   0.02104   0.01871   0.01522   0.02302   0.02091   0.01794   0.02519   0.01588   0.01674   0.01567   0.02368   0.0214    0.01815   0.01873   0.01827   0.02011   0.02104   0.01807   0.02709   0.01998   0.01957   0.02373   0.01813   0.01684   0.0202    
0.21401   0.0456    0.09073   0.10704   0.03066   0.05895   0.05867   0.06682   0.06      0.02959   0.03751   0.06625   0.06689   0.02216   0.05763   0.0482    0.04059   0.07126   0.04025   0.09406   0.09027   0.03843   0.02649   0.06596   0.02154   0.08347   0.08932   0.08133   0.03305   1.0       0.04076   0.03386   0.05755   0.023     0.04938   0.02481   0.06822   0.04045   0.03167   0.05121   0.03486   0.02648   0.03665   0.03217   0.03212   0.03368   0.02421   0.04245   0.02606   0.01983   0.05441   0.02965   0.02236   0.02744   0.0312    0.00352   0.04914   0.06341   0.04418   0.04471   0.02736   0.02378   0.03686   0.02274   0.03524   0.03434   0.04807   0.02473   0.02662   0.04675   0.03515   0.02668   0.03185   0.03666   0.02876   0.02007   0.0302    0.02687   0.03555   0.02675   0.03608   0.02596   0.03012   0.03442   0.03227   0.03331   0.03092   0.03798   0.04001   0.0199    0.02997   0.0349    0.02898   0.02714   0.03417   0.03205   0.02723   0.02532   0.03221   
0.08944   0.01869   0.08653   0.08817   0.03543   0.06686   0.06864   0.06541   0.02681   0.00434   0.04989   0.03795   0.0575    0.00293   0.02373   0.03236   0.02553   0.0261    0.02702   0.11839   0.02647   0.01574   0.02751   0.03327   0.01563   0.03437   0.08241   0.02962   0.02046   0.04076   1.0       0.07953   0.03497   0.07487   0.06878   0.02142   0.08119   0.07607   0.05022   0.08035   0.06789   0.01978   0.0614    0.0543    0.05924   0.06718   0.02209   0.07814   0.04574   0.02218   0.09763   0.02406   0.02934   0.02849   0.03798   0.00282   0.02641   0.0665    0.03009   0.1143    0.03265   0.02916   0.02443   0.0219    0.02655   0.02752   0.08896   0.03181   0.04356   0.04974   0.02106   0.04418   0.02029   0.04901   0.05922   0.02949   0.0499    0.01716   0.04254   0.02218   0.04999   0.01777   0.05192   0.0357    0.04489   0.048     0.01805   0.04621   0.05425   0.025     0.03705   0.0168    0.03997   0.0308    0.02084   0.04971   0.02918   0.05129   0.02331   
0.11555   0.04696   0.11159   0.10964   0.05174   0.0733    0.08274   0.07533   0.02512   0.00475   0.02998   0.03824   0.05034   0.0022    0.01471   0.02219   0.02008   0.02721   0.02114   0.06972   0.02122   0.01294   0.02344   0.01949   0.00757   0.02053   0.11698   0.03646   0.01322   0.03386   0.07953   1.0       0.03416   0.04657   0.02926   0.01994   0.10924   0.1032    0.1259    0.11078   0.08243   0.02316   0.08199   0.07359   0.07169   0.04711   0.02055   0.08372   0.06104   0.02033   0.12039   0.03591   0.01874   0.01916   0.0306    0.01025   0.02194   0.06626   0.03073   0.06553   0.02934   0.02167   0.02928   0.03134   0.05245   0.01828   0.11179   0.02743   0.03176   0.05014   0.04763   0.05396   0.04352   0.07653   0.0576    0.0374    0.05323   0.03634   0.10489   0.04086   0.07462   0.02495   0.07449   0.0262    0.0642    0.0454    0.05075   0.03144   0.07897   0.03789   0.05544   0.0435    0.04736   0.04917   0.02433   0.06401   0.04743   0.05809   0.03484   
0.04748   0.03432   0.04375   0.04403   0.02964   0.05016   0.04457   0.04725   0.0335    0.01965   0.03698   0.04877   0.04334   0.00328   0.02867   0.0297    0.03166   0.04965   0.03195   0.05549   0.05249   0.03897   0.02681   0.02904   0.02799   0.04531   0.04826   0.05987   0.03261   0.05755   0.03497   0.03416   1.0       0.0369    0.04659   0.03379   0.94429   0.03275   0.04022   0.03828   0.03253   0.02021   0.04541   0.02721   0.03096   0.03201   0.03526   0.04866   0.03159   0.04144   0.04387   0.02904   0.02264   0.03898   0.02975   0.00594   0.01974   0.03275   0.04774   0.02734   0.04218   0.02204   0.05171   0.02404   0.02876   0.02329   0.04716   0.03602   0.02517   0.03096   0.02776   0.0196    0.02763   0.02469   0.02233   0.02233   0.02828   0.03652   0.06082   0.02934   0.02832   0.02644   0.0268    0.02766   0.03225   0.04024   0.0245    0.02193   0.04718   0.03125   0.03602   0.02752   0.0309    0.03664   0.04386   0.03054   0.02503   0.02734   0.0405    
0.05322   0.02196   0.05574   0.05431   0.03066   0.03987   0.04753   0.06373   0.03044   0.02662   0.02894   0.03107   0.03951   0.00135   0.018     0.01832   0.02043   0.01586   0.0153    0.07766   0.02401   0.01594   0.02439   0.01711   0.00369   0.02115   0.05188   0.0174    0.02345   0.023     0.07487   0.04657   0.0369    1.0       0.02454   0.02403   0.06514   0.05128   0.04158   0.05941   0.04468   0.02915   0.13179   0.04829   0.04156   0.05155   0.04437   0.07122   0.06098   0.0739    0.08031   0.01863   0.06673   0.02288   0.02251   0.01104   0.02753   0.05671   0.03594   0.07575   0.02433   0.02574   0.11141   0.08942   0.06553   0.01875   0.06788   0.03658   0.02574   0.04132   0.02344   0.0353    0.02505   0.03928   0.03874   0.03071   0.03267   0.02201   0.03814   0.02187   0.03733   0.04772   0.0408    0.01458   0.0442    0.04392   0.02129   0.03531   0.03965   0.01986   0.03342   0.01915   0.03584   0.0338    0.01599   0.03778   0.02377   0.03447   0.02026   
0.04244   0.02525   0.03975   0.04056   0.01912   0.02545   0.02757   0.02655   0.02903   0.00569   0.02376   0.02425   0.02586   0.00356   0.04045   0.04717   0.02332   0.04273   0.04862   0.05618   0.05075   0.038     0.02955   0.03943   0.00448   0.03514   0.03896   0.03412   0.02773   0.04938   0.06878   0.02926   0.04659   0.02454   1.0       0.04078   0.04755   0.04711   0.02624   0.04008   0.03818   0.02042   0.04169   0.0282    0.02672   0.05712   0.02904   0.03853   0.02106   0.01953   0.04661   0.02581   0.02606   0.03277   0.06479   0.00343   0.02636   0.03875   0.05864   0.04218   0.0389    0.03183   0.041     0.02327   0.02713   0.0401    0.04455   0.04601   0.02833   0.0318    0.04387   0.02032   0.03449   0.04415   0.02108   0.01865   0.02689   0.02372   0.02874   0.02864   0.04821   0.02514   0.02468   0.03622   0.02372   0.02938   0.02522   0.02134   0.0304    0.01302   0.02192   0.02312   0.01956   0.02019   0.03213   0.02659   0.0235    0.21153   0.03573   
0.02425   0.01685   0.02663   0.02005   0.01425   0.02516   0.0157    0.01631   0.01889   0.00286   0.01493   0.01756   0.01667   0.00179   0.01346   0.02424   0.01565   0.0343    0.02024   0.02265   0.03185   0.02417   0.0231    0.02026   0.00435   0.02883   0.0216    0.01964   0.01926   0.02481   0.02142   0.01994   0.03379   0.02403   0.04078   1.0       0.03296   0.03629   0.01689   0.02314   0.03032   0.02146   0.03338   0.03946   0.0175    0.38412   0.04035   0.02555   0.02608   0.01822   0.02812   0.02009   0.02258   0.02387   0.01992   0.00172   0.02804   0.03495   0.02273   0.02688   0.02382   0.02494   0.0343    0.02205   0.01704   0.0242    0.0287    0.02107   0.01261   0.01765   0.0256    0.01221   0.01986   0.01811   0.02933   0.01885   0.01807   0.02047   0.01865   0.01741   0.0225    0.02189   0.02133   0.02045   0.01637   0.03052   0.01505   0.01159   0.02431   0.01672   0.02111   0.01374   0.02681   0.01662   0.02387   0.01743   0.01658   0.025     0.02556   
0.16358   0.0696    0.15641   0.15375   0.07513   0.11001   0.12449   0.11571   0.04162   0.01915   0.05045   0.06829   0.08184   0.0036    0.02951   0.02983   0.03099   0.04798   0.0317    0.11639   0.05213   0.03795   0.02673   0.02891   0.02705   0.0437    0.15321   0.05945   0.03238   0.06822   0.08119   0.10924   0.94429   0.06514   0.04755   0.03296   1.0       0.13782   0.10078   0.14726   0.11313   0.02544   0.12272   0.09321   0.09506   0.06091   0.03082   0.10128   0.07491   0.04163   0.16093   0.02905   0.02366   0.03909   0.03075   0.00743   0.01988   0.07152   0.04782   0.0807    0.03539   0.02197   0.05192   0.02521   0.06111   0.0235    0.15168   0.03826   0.04487   0.06714   0.06573   0.06825   0.06154   0.0978    0.07046   0.02598   0.05631   0.0623    0.11652   0.06199   0.09082   0.02798   0.08539   0.03594   0.08891   0.06572   0.05885   0.0396    0.12158   0.06028   0.07912   0.05879   0.07222   0.07402   0.04485   0.08475   0.05603   0.07428   0.04028   
0.15558   0.059     0.151     0.15156   0.06216   0.08425   0.10799   0.09588   0.03467   0.0037    0.03552   0.0421    0.06707   0.00249   0.01691   0.02966   0.02003   0.02834   0.02916   0.10124   0.0337    0.02153   0.01751   0.02502   0.00417   0.0227    0.14157   0.04132   0.01338   0.04045   0.07607   0.1032    0.03275   0.05128   0.04711   0.03629   0.13782   1.0       0.08876   0.17345   0.27514   0.0203    0.10754   0.10048   0.08961   0.07032   0.02691   0.08498   0.06516   0.01613   0.15647   0.05884   0.01681   0.02126   0.0271    0.00378   0.01716   0.06927   0.03627   0.07859   0.04063   0.02143   0.03378   0.01858   0.06036   0.02442   0.1426    0.01957   0.04422   0.07434   0.07795   0.07488   0.05972   0.10991   0.08642   0.02388   0.04892   0.04469   0.08204   0.05635   0.09766   0.02494   0.08472   0.03335   0.08987   0.0499    0.05422   0.03398   0.10819   0.04503   0.06263   0.05961   0.06756   0.05469   0.0306    0.07917   0.05389   0.08343   0.03111   
0.10526   0.04171   0.09943   0.09607   0.04892   0.06527   0.0903    0.07284   0.02401   0.0123    0.04769   0.03947   0.04771   0.00314   0.02432   0.01959   0.02533   0.01956   0.0206    0.06143   0.01826   0.02234   0.01674   0.01616   0.00302   0.01803   0.08802   0.03221   0.01427   0.03167   0.05022   0.1259    0.04022   0.04158   0.02624   0.01689   0.10078   0.08876   1.0       0.09173   0.06973   0.04823   0.07673   0.06401   0.06762   0.042     0.02391   0.06367   0.0555    0.02136   0.10392   0.02222   0.02129   0.02297   0.0209    0.00735   0.015     0.07073   0.03571   0.05566   0.028     0.01895   0.02982   0.02585   0.04329   0.01549   0.09911   0.02676   0.03551   0.04345   0.04399   0.04923   0.04195   0.0664    0.04883   0.03243   0.03643   0.03653   0.06634   0.04038   0.06085   0.0228    0.06852   0.02746   0.05536   0.04477   0.04718   0.03187   0.06861   0.04123   0.05635   0.04158   0.05291   0.04832   0.02627   0.06122   0.04161   0.05624   0.03111   
0.16507   0.074     0.16014   0.16029   0.06793   0.09493   0.11959   0.1007    0.06109   0.00382   0.03917   0.04153   0.06781   0.00257   0.02294   0.03063   0.04358   0.02532   0.02476   0.09717   0.03693   0.01605   0.02445   0.02639   0.01058   0.02931   0.14918   0.04041   0.01726   0.05121   0.08035   0.11078   0.03828   0.05941   0.04008   0.02314   0.14726   0.17345   0.09173   1.0       0.12589   0.02537   0.1113    0.10389   0.15787   0.05594   0.0306    0.08974   0.06649   0.02615   0.16711   0.02875   0.01987   0.0393    0.02997   0.0039    0.01872   0.0744    0.05912   0.08567   0.04017   0.03278   0.03455   0.01854   0.0623    0.02829   0.15471   0.02417   0.04831   0.12238   0.07193   0.07776   0.06512   0.10604   0.07437   0.02939   0.05271   0.05191   0.08573   0.06111   0.09231   0.02903   0.09849   0.04394   0.12371   0.06447   0.05677   0.03854   0.11212   0.04863   0.07197   0.06693   0.07602   0.06052   0.03482   0.1471    0.05798   0.0741    0.03753   
