1.0       0.08438   0.07569   0.09984   0.08072   0.1758    0.01666   0.00847   
0.08438   1.0       0.19468   0.36065   0.31458   0.32969   0.0583    0.05623   
0.07569   0.19468   1.0       0.09907   0.20248   0.27936   0.03783   0.02627   
0.09984   0.36065   0.09907   1.0       0.16842   0.22573   0.10142   0.08019   
0.08072   0.31458   0.20248   0.16842   1.0       0.34759   0.05686   0.05162   
0.1758    0.32969   0.27936   0.22573   0.34759   1.0       0.11008   0.06691   
0.01666   0.0583    0.03783   0.10142   0.05686   0.11008   1.0       0.68332   
0.00847   0.05623   0.02627   0.08019   0.05162   0.06691   0.68332   1.0       
