1.0       0.02742   0.02582   0.03382   0.02532   0.06439   0.00263   0.0011    
0.02742   1.0       0.1013    0.14438   0.17423   0.18718   0.01458   0.01631   
0.02582   0.1013    1.0       0.02923   0.10657   0.13963   0.0081    0.00693   
0.03382   0.14438   0.02923   1.0       0.06524   0.0782    0.02985   0.0274    
0.02532   0.17423   0.10657   0.06524   1.0       0.17543   0.01132   0.01377   
0.06439   0.18718   0.13963   0.0782    0.17543   1.0       0.02345   0.01493   
0.00263   0.01458   0.0081    0.02985   0.01132   0.02345   1.0       0.57056   
0.0011    0.01631   0.00693   0.0274    0.01377   0.01493   0.57056   1.0       
